11.91
11.64
11.34
11.02
11.42
10.67
11.05
10.64
10.42
10.80
12.08
12.40
12.20
11.39
11.52
10.37
10.31
11.45
13.65
14.14
13.78
13.05
14.65
17.79
25.28
37.11
52.84
70.78
89.36
107.25
125.08
142.13
159.68
177.14
194.32
210.41
228.83
248.17
272.46
303.31
345.54
396.96
456.79
517.90
572.00
615.55
647.97
675.03
700.41
722.41
733.12
723.62
704.59
685.14
669.05
654.99
640.59
626.40
609.96
592.51
574.73
557.59
540.82
523.40
503.71
484.54
464.84
445.95
429.65
411.66
394.37
377.89
362.78
352.45
345.01
338.13
330.96
324.34
316.95
313.17
309.31
304.89
298.74
291.68
285.36
281.92
280.46
278.87
275.94
272.73
269.57
266.34
263.90
261.88
258.07
254.69
250.37
246.45
245.05
242.56
239.52
235.07
232.18
228.21
224.90
221.26
217.92
213.39
209.44
205.78
203.18
200.04
197.92
193.93
190.17
185.63
183.73
180.69
179.29
176.33
173.96
171.28
166.52
163.18
160.52
157.71
155.35
152.68
151.23
148.05
146.64
144.51
141.86
139.78
137.12
135.86
133.09
131.09
129.74
127.80
124.96
123.88
121.60
120.66
120.47
117.76
115.71
113.38
111.38
109.76
108.11
106.64
106.42
104.90
102.47
99.28
97.78
96.29
94.74
92.90
91.93
89.56
88.19
87.04
85.62
84.80
84.09
82.09
80.45
79.13
78.63
78.88
78.59
76.68
76.63
75.57
74.26
72.22
71.44
69.36
67.17
65.47
63.66
63.05
61.48
60.43
58.64
57.71
55.96
55.67
55.78
54.09
53.12
53.22
53.31
52.86
52.12
52.23
50.97
51.16
51.20
50.23
49.87
49.42
48.44
48.59
49.23
49.32
49.75
50.14
49.17
49.67
49.08
49.28
48.85
49.01
48.25
47.46
47.33
47.15
47.78
47.21
47.17
46.32
46.06
45.16
44.47
44.77
44.40
43.37
43.18
41.22
40.80
39.33
39.26
38.77
38.24
38.23
37.22
36.09
36.04
35.54
35.30
33.04
32.65
32.12
31.67
31.08
30.40
30.00
30.31
30.13
29.19
28.49
28.25
28.82
29.68
30.49
31.25
31.48
31.11
30.45
28.94
28.19
26.94
26.92
27.16
26.56
27.84
26.70
26.59
26.37
26.02
25.85
25.80
25.93
25.41
25.81
25.22
24.74
25.49
25.60
25.91
24.82
24.68
24.45
24.91
24.37
25.26
24.03
25.07
24.89
25.06
24.80
24.37
23.39
22.65
22.90
22.30
21.69
