10.19
10.00
9.82
9.98
9.97
10.16
10.20
9.94
9.45
9.11
8.98
8.57
8.27
8.01
7.73
7.31
7.54
9.16
11.62
12.39
10.84
9.62
10.29
12.29
14.52
17.57
21.85
26.92
32.50
38.45
45.48
53.53
62.19
70.03
75.64
79.53
83.00
86.42
89.31
92.39
96.01
99.88
104.12
108.71
113.21
118.03
123.58
129.73
137.24
145.58
153.75
146.39
139.53
135.36
133.20
131.17
129.15
126.80
124.16
121.43
118.35
114.69
111.13
107.84
104.37
100.54
96.64
92.57
88.32
84.46
81.02
77.66
74.51
71.73
69.07
66.52
64.30
62.46
60.99
60.66
61.83
62.95
61.44
57.81
54.80
53.40
52.90
52.48
51.85
51.23
50.94
50.52
50.10
49.67
49.16
48.52
47.89
47.21
46.49
45.68
44.80
44.14
43.67
43.25
42.51
41.72
41.25
40.52
39.60
38.66
37.73
36.95
37.48
38.14
37.71
36.34
35.53
35.11
34.93
34.78
34.49
34.02
33.53
33.45
33.28
33.05
33.11
32.75
32.43
32.27
32.28
31.68
31.43
31.35
31.18
30.66
30.57
30.67
30.61
30.48
30.36
30.05
29.24
29.04
29.22
29.57
29.66
29.42
29.04
28.77
28.96
28.66
28.35
28.39
28.12
27.86
27.89
27.86
27.54
27.45
27.42
27.33
27.26
27.17
26.85
26.69
26.60
26.50
26.38
26.27
26.34
26.12
26.06
25.79
25.37
25.13
25.25
25.24
24.98
24.92
24.85
24.64
24.30
24.26
24.07
24.02
23.98
23.82
23.66
23.66
23.79
23.47
23.34
23.40
23.38
23.27
23.24
23.36
23.21
23.19
23.18
23.17
23.29
23.62
23.63
23.35
23.23
23.20
23.13
23.09
23.39
23.33
23.36
23.28
22.98
22.83
23.19
23.35
22.91
22.67
22.62
22.68
22.50
22.61
22.70
22.63
22.76
22.65
22.32
22.14
22.40
22.32
22.00
21.92
21.92
21.88
21.95
21.86
21.63
21.84
21.76
21.66
21.41
21.56
21.59
21.51
21.57
21.45
21.55
21.53
21.52
21.18
21.01
21.27
21.23
21.01
21.11
21.20
21.04
21.04
21.01
20.76
20.70
20.85
20.52
20.42
20.51
20.62
20.63
20.34
20.33
20.27
20.45
20.40
20.20
20.03
20.28
20.31
20.02
19.85
19.99
19.85
19.53
19.59
19.44
19.38
19.49
19.62
19.55
19.46
19.67
19.51
19.39
19.59
19.47
19.37
19.18
19.28
19.18
19.21
